zed_mono_font_size_ratio: 1.363636364
zed_sans_font_size_ratio: 1.545454545
